%YAML:1.0
---
K: !!opencv-matrix
   rows: 3
   cols: 3
   dt: d
   data: [ 1.4561560011884990e+03, 0., 7.9005043584797068e+02, 0.,
       1.3260324920552716e+03, 2.6178550524881899e+02, 0., 0., 1. ]
D: !!opencv-matrix
   rows: 1
   cols: 5
   dt: d
   data: [ 1.0111405007848013e+00, -4.0714751198934875e+00,
       -1.3786824132572909e-01, 7.4990839404875650e-02,
       1.0473185154785257e+01 ]
